3.011512406284689858e-01
8.512639893149800876e-04
6.478040301854328005e-03
1.521152367097224345e-01
1.991924107509981667e-01
6.406947530310755021e-03
5.225628416212866473e-02
3.800079794180152848e-01
4.328375635952628198e-01
3.603538735517278213e-02
1.199961013735334064e-01
5.600271868894044491e-01
5.407055519015917938e-02
2.734962488607905473e-01
4.685070500375525249e-02
1.378391367440354176e-02
2.278715454554652575e-01
1.573347562945402178e-01
2.036960211924895292e-01
2.959654298857803956e-01
7.526683356820769444e-02
7.578105734638868052e-02
2.556943602551866035e-01
1.949530789436256184e-05
5.326124086911925293e-01
6.258457452444847746e-01
4.710282295285016935e-02
1.977045379930699506e-03
6.694749546433845060e-03
1.828542579284325453e-01
9.070249816961589717e-02
1.070527850540668735e-02
1.839181914068023158e-02
5.142877305537463944e-03
1.015732506952686520e-01
1.809114699702926363e-02
1.502655168062337065e-01
9.848955029706474296e-02
3.681510632611882938e-01
2.914494315897706370e-02
3.695712851911169827e-01
1.274429993729827607e-06
8.658849088048846399e-02
9.286515092391563057e-05
8.945539842867970826e-02
1.558479234359388399e-01
6.856647223874887676e-01
3.056762908826314573e-02
3.506337004121605830e-03
1.979918540697251927e-01
9.140740678153890242e-01
3.002577855696775613e-02
8.328831638217595867e-02
3.461820260075922362e-01
3.042542140653081706e-01
2.897151095742274765e-02
1.526804086246186590e-02
1.718228383425822112e-02
1.384998314999997537e-01
1.161508086916042577e-02
1.513899350107906355e-02
6.625578148312452065e-01
1.885677037211339613e-01
3.094336220398785087e-01
3.024057850255705560e-02
3.166746596489800059e-02
1.573597459262391640e-01
5.853295463554898659e-02
7.777255236947215600e-02
1.236200726646688799e-02
2.677278323740977031e-02
2.528790499527420743e-01
3.978571385641396611e-03
8.387955292818881359e-02
8.699914391963817772e-01
5.973095157337557359e-02
1.537412198719696581e-02
5.634893258446274089e-01
1.831318023002778683e-01
3.823618859783744495e-01
2.591092274408090743e-02
8.739465569113917531e-03
1.036509941200704915e-01
2.738670028757811958e-01
8.245989546814561089e-02
8.226952841682427797e-03
8.836322790451320852e-01
2.532982580937093164e-02
2.405001464334251271e-02
1.024335073615807029e-01
7.102136151014727845e-03
7.624965881005206780e-01
5.584582259562389378e-02
5.216584689263770169e-01
6.983372897195008755e-02
6.283761618578032060e-01
1.334707100047613226e-01
3.623250396100270720e-02
3.287815851126959371e-02
3.377595772977873972e-02
5.660532627938482664e-01
2.135561882759785118e-02
5.209643224781808531e-03
6.305575748939064029e-01
1.441305221912509149e-01
2.610965182339741730e-02
1.062170578795825035e-07
2.211340296886431800e-01
1.266187214969905772e-01
7.246944791342972703e-02
2.013748104569597439e-03
6.478687673191958485e-01
1.503368853418493752e-02
1.004439014052891564e-04
1.147639997828048125e-01
1.477704617312912694e-01
5.103028024508050875e-03
9.593996798782067348e-02
3.068597855632923185e-02
8.731462713504169193e-02
4.164612330352266550e-02
1.862733332153192756e-01
1.170276564217158921e-01
7.125424471406754945e-02
3.899937145694487572e-02
4.802123320657745165e-01
5.517363240987569473e-01
2.569398384856245166e-01
3.659934049094996835e-03
2.185041074816952700e-01
9.545700045063179040e-01
2.477936285655260584e-01
4.358239253845413996e-02
9.529521056861571804e-01
1.861033907177714461e-03
7.135425277301582492e-02
7.762319199486167332e-01
1.061512048429230776e-01
8.545186378942590255e-02
1.640020775477210450e-04
5.224350029611361107e-03
3.751788640113645767e-02
2.880866859403398062e-05
3.459827904330236570e-01
4.225086136783716695e-01
1.417013256219972492e-03
4.188482067411908871e-01
2.558578084248716925e-02
4.141511328657530577e-01
1.022376234875697898e-01
8.365869277888032807e-02
2.837788285451105577e-02
6.323387127326322854e-02
2.306430254639988686e-01
4.534298350178033732e-01
5.752592458219608906e-02
2.374641916739880787e-01
1.642804746116835374e-09
5.313848173079079029e-02
5.304943012000870040e-01
2.406649496872218311e-02
5.968730387129135284e-01
2.184859926407952124e-01
4.457044028847688133e-01
1.557652009136620795e-02
5.705888881388929829e-03
2.075552226355475635e-02
6.597079403837625283e-03
5.555118199704187770e-02
4.415320860749973875e-01
1.514384128224159284e-02
8.550015559056593772e-03
8.399466905547138540e-02
4.019253786306581366e-02
2.591904131105587372e-01
2.781812422354697500e-01
1.917694115975961469e-02
1.544439609370399369e-01
5.567006150739843562e-03
2.603006546164198798e-01
2.495508198633920038e-01
8.015558188500955528e-02
2.873591395212229255e-03
4.043436615639184350e-04
5.846273958269599946e-01
1.482429933148119577e-02
2.380737190213108676e-03
3.440596190463062753e-01
6.284476372677469946e-01
1.629959135202453668e-01
7.164024369583238405e-01
2.329526366055814646e-02
6.493028440239578813e-02
3.130177755545433555e-03
5.904692644390012735e-01
1.594993822073258460e-01
1.898038473139373183e-01
8.691017015419546521e-01
2.054318236516591151e-02
2.060794045329630581e-03
3.836608642084498588e-01
3.239930102501786813e-01
2.203305651123933437e-02
1.049539650603488750e-01
8.241925759183401029e-04
2.717665975267527512e-01
2.765367647406344331e-02
9.318647758640592749e-02
9.160909672259283376e-02
2.481427680823435900e-01
6.029726065188887318e-01
1.599998205255442202e-02
4.134720378920751782e-02
1.512794071734531229e-06
2.346450500831654545e-02
8.462063592031391496e-03
4.006293956727298433e-02
4.338377064761104324e-02
2.342939721882079246e-02
4.561186943606888172e-02
2.901643983142798700e-01
1.563716961844745007e-04
6.729263955709330336e-03
1.149145787226574789e-01
6.989929077629836174e-02
2.620430101811589696e-02
4.330024632794075845e-02
7.094035340721366323e-01
1.454661688021271354e-02
3.359875530776707531e-01
6.162838114348751645e-02
6.135966988902818997e-01
8.042205019963664103e-01
2.516398961831201389e-02
5.601762132650048992e-02
1.263833657534839568e-02
6.936002667150161782e-01
3.152217105946025777e-01
5.518755508446047953e-02
4.530021829906374919e-02
3.015358710707372047e-01
2.805201916122326833e-01
1.317703616968048663e-01
1.368991093116328217e-01
5.705612888285761450e-03
2.339928701617509377e-02
1.764121601799955577e-03
6.282444878280279976e-01
1.529574347487947655e-02
6.228838731673607548e-02
2.339678741812226268e-08
2.929362779330947353e-01
5.231417833948484031e-01
1.004757798193770812e-01
4.212961112839063715e-01
1.919718550704092586e-01
2.763568775176968492e-09
6.757131398574265368e-01
2.324745728907920764e-02
2.718771241734631583e-01
1.162863524129042689e-02
6.867876777860206783e-01
7.072781360849601275e-03
3.874860014734359676e-02
5.720056101791067167e-03
8.909871223375852578e-01
6.977625890732741532e-02
7.437596739224391906e-02
2.092676812056180058e-01
8.968908460170342545e-02
2.500594777719929163e-02
1.907171487962847425e-02
6.230503664201717667e-02
1.652797232345778189e-01
1.784580017968327714e-01
6.641419780036916798e-02
4.161979365758242816e-02
1.014022699846929380e-02
7.750311898818633416e-02
2.964172840345488018e-04
8.112177643384639592e-02
2.542291118195454946e-01
5.569833837570224017e-02
1.215652508687369536e-02
2.415601890480061943e-03
6.731267000655010158e-01
1.063290311153475128e-09
8.384904927056644475e-01
8.628148406768582079e-02
1.511222857427353405e-01
1.355505505246895961e-02
1.404488713132129307e-02
1.506265315090381807e-01
1.116869553726392295e-01
1.593212111427687663e-02
2.100048282749748807e-01
2.236565831744223298e-01
1.245410673996351775e-01
7.178714010779264632e-01
1.060311648749843461e-01
5.480893731039875733e-02
3.694333868756188854e-01
2.718298018284702189e-01
9.773131890127335908e-02
2.102046831887194323e-01
2.016597878450036019e-01
2.147312186370199105e-01
2.431912008523308688e-01
4.508724790425798767e-01
8.398721091796584881e-02
8.777910070845320809e-03
7.805314536417465613e-05
2.340642051490390331e-04
3.435848105585097567e-01
2.587458539728814122e-01
7.855278511312145662e-03
9.771634315423773087e-02
6.055314176423231935e-03
1.294328520290796182e-02
1.449605279568625706e-03
6.138157357171863254e-02
4.252984360686785111e-06
4.917538604387280410e-01
2.075876472447399090e-01
2.719928507728436046e-03
1.452302810700291380e-01
6.437159632215938411e-06
7.780424371046110732e-01
5.906483354167687064e-03
7.552209316379721038e-01
5.476390977708759517e-02
5.627366983263411976e-02
1.498433301486590541e-01
5.591199940826236947e-01
1.467554260327745552e-01
2.781314877460431753e-02
1.085957413182077336e-01
8.915167774646605425e-03
3.611473679094538425e-01
3.192816865377810787e-02
1.104083553914184390e-01
9.442931187309066372e-04
3.873771826424520781e-01
1.979739657533076402e-01
1.198551903931973500e-01
1.125635029927257308e-01
5.199921166313388188e-01
4.963074310386630938e-02
6.733835360459797803e-01
1.397424209306098904e-02
5.114341928862382175e-02
3.700828773928929727e-01
1.198148360707488591e-01
4.510147516905745335e-01
1.630738194428451027e-01
3.134236810160894726e-01
4.350408693416762396e-01
2.076649815435607227e-01
8.516800785932191475e-01
9.249410923280543609e-03
3.678296127834447815e-01
1.415240409188133763e-01
2.447369040587501696e-03
9.475952267498199966e-01
9.314238310225479711e-02
9.458759869129958198e-02
1.613465737025661720e-02
6.593953560006458048e-01
8.667864657164280062e-02
2.412439851834301818e-01
2.590467350721102902e-01
2.665115545533287139e-02
4.196280621358866036e-01
9.365451320472391039e-01
3.412592453262982412e-02
3.232868666451271800e-01
1.135299216234176567e-01
1.644733977432739080e-01
4.425668549975046440e-01
2.403051462223452228e-01
5.490542540419515172e-01
2.409268755714877818e-06
7.958956190628114526e-04
5.239902586034497212e-01
1.870593826963335427e-01
8.797088668602304207e-01
1.647970729570828186e-01
6.650267031481231494e-02
1.094157075652381177e-02
6.456527836553102584e-02
4.292799029239689756e-02
3.637141190761879889e-02
5.660470860681595523e-02
3.216819011848415927e-02
1.320739023940397938e-01
7.365499511316486725e-02
1.038978590476169334e-01
4.929374843082193758e-01
5.928158870548493331e-01
2.502887579949463759e-01
9.315879933553413705e-01
2.666886922801083859e-01
9.616560327021946852e-01
9.896414895108683885e-01
9.938250574991035480e-01
8.218082871650136401e-01
9.167528549604410104e-01
3.359915956974933171e-01
9.676136405590086698e-01
6.495824646573865602e-01
9.990614666916610709e-01
8.579722088608524588e-01
6.902534464233811562e-01
3.946606422076866516e-01
7.278078631878142080e-01
9.984450458191469480e-01
6.912725839504012537e-01
8.408838655536239326e-01
9.799073679674624726e-01
9.715263745731678169e-01
8.544807389997355340e-01
9.399595280236879846e-01
7.823348278967133806e-01
9.270632650874739422e-01
9.437080471784071722e-01
9.584416790495583482e-01
9.547210193443487203e-01
9.317599816981524397e-01
9.816011051210351557e-01
2.851078106319902550e-01
9.729993673390577857e-01
9.400294485866658167e-01
8.419788734084108217e-01
9.727936964782889495e-01
9.160095507070367127e-01
9.383882635726497057e-01
7.431706070507949624e-01
9.833147963080927090e-01
9.778393618891088046e-01
5.340152879641324457e-01
9.754194669378472016e-01
9.069452601557356219e-01
9.086985451561068183e-01
9.884318714409426887e-01
6.784685685335368754e-01
8.638975084170935625e-01
9.715583859653342813e-01
9.552544956076541860e-01
4.579721318029321697e-01
5.310131527130406148e-01
5.401399374686129962e-01
8.933815695598162909e-01
9.938672842966843612e-01
9.818479536388259321e-01
9.379482481995210508e-01
8.164485022684175863e-01
3.412963179441533268e-01
6.087013660535804949e-01
5.175040924854246160e-01
9.790495761591210266e-01
8.760505602207463438e-01
9.696659163971624862e-01
7.731076456816025066e-01
9.259299635588333910e-01
8.794594941448361514e-01
8.693317131552492638e-01
9.097496598967537151e-01
7.455806850378565720e-01
9.855787408386127435e-01
8.414990543058852301e-01
7.496831965686836519e-01
8.802498827902399681e-01
9.911294849107069593e-01
8.976452081435496444e-01
5.839658649384930067e-01
9.392095617251434714e-01
9.725867865449097094e-01
9.688705364845427992e-01
7.239489154189608922e-01
8.906723012223091152e-01
9.528734043984617985e-01
2.579346116418755330e-01
9.453049582933704675e-01
7.180011110965831556e-01
9.516129246478760573e-01
9.778721389203562930e-01
9.465006588880555682e-01
8.440496028158853692e-01
9.236024604572075081e-01
1.151276091557221770e-01
7.609562259605420209e-01
8.126621261048017075e-01
9.908059986752798531e-01
7.818024088911724734e-01
9.905181043523532125e-01
8.714765180696413260e-01
6.019950547284529385e-01
1.193651745140623804e-01
7.139343396368561523e-01
7.685554120120040578e-01
6.581245066270348110e-01
8.511658597535272097e-01
9.610442394232601160e-01
9.333866891101744168e-01
6.456226873435166880e-02
4.481370239787935694e-01
9.784374093575685105e-01
9.750991730492152287e-01
9.267256021639902475e-01
8.437475892480044148e-01
3.982433216346275562e-01
9.560875751502601050e-01
7.421697047697430882e-01
9.940422514483344685e-01
8.464656001749879533e-01
9.724052763924799780e-01
7.469105580417086943e-01
3.974024498274692507e-01
9.949341863697240829e-01
2.946306865507025696e-01
9.922702464688765156e-01
8.923291801194294104e-01
7.671076819463598095e-01
3.678402829693238063e-01
9.610147093003769125e-01
9.866724515030658171e-01
9.612635974774980108e-01
9.975178769743220375e-01
9.873237107169112736e-01
6.873526080167986496e-01
8.860606450430120740e-01
9.286529996058504599e-01
6.946453215823484850e-01
9.031000792839884994e-01
9.912168709022591839e-01
8.639666804893286756e-01
8.164416921731061372e-01
9.955910950409244675e-01
6.010862307823037209e-01
9.892854212927254531e-01
9.715962011837809831e-01
6.889097547728083581e-01
4.349734400409739354e-01
9.938535522703504377e-01
9.698876765678459133e-01
7.538132688845976537e-01
2.115302648934507534e-01
1.964257433592064561e-01
9.884320230703477206e-01
9.279508400331356599e-01
8.222803776770497564e-01
9.166245414822984383e-01
7.716646181747623956e-01
8.616442224895541901e-01
9.876959909818298078e-01
9.930669781991412481e-01
9.944840465389882533e-01
5.997529706818851558e-01
9.911598355464208421e-01
7.612553564694117814e-01
9.614027838943389748e-01
9.764371501217100624e-01
7.692986312240219782e-01
9.915407738775552371e-01
7.536712301649053369e-01
7.246878024607987800e-01
7.938920255330446096e-01
8.591739215455194145e-01
6.429210263062954400e-01
9.981794426229123607e-01
9.955132975813908436e-01
1.223658883631467270e-01
9.619324914197471266e-01
9.977101338948978215e-01
7.972336237239160406e-01
8.662871218544668794e-01
9.664222966758401201e-01
8.088280682404104249e-01
9.588462335866759778e-01
9.642223603593450543e-01
9.888488397390635676e-01
9.853978744433298242e-01
8.399157910731268606e-01
7.921328032309283840e-01
9.779931906380806561e-01
9.270814437689814946e-01
9.838435601199917446e-01
9.192963499439995578e-01
9.001354781309814923e-01
9.188883668117509007e-01
9.738523468922724025e-01
5.582195274131458440e-01
9.491901175632552201e-01
5.886669937410460296e-01
8.154712296735970867e-01
9.466048635578965254e-01
5.215809275888123597e-01
3.468278612521555893e-01
8.889975641491714153e-01
2.795178176630164768e-01
1.509469692066912339e-01
9.418507303612645432e-01
8.571654901259248005e-01
2.176516597542767217e-01
8.110024603959480327e-01
7.833311382695503644e-01
9.299982740976578954e-01
9.574999591843849078e-01
1.770447989270287348e-01
6.139888936563742128e-01
9.506140300037250190e-01
8.129804417257577853e-01
3.504589412677805438e-01
4.834320661508968997e-01
9.211546865023918507e-01
9.539581589299479525e-01
7.079525798967891692e-01
8.361182907637625394e-01
9.273470829555919837e-01
9.499674390759809128e-01
9.855801950608359396e-01
9.833001648083794510e-01
9.227002747002818195e-01
7.945388126193722034e-01
8.714181132042986277e-01
3.640316242064306484e-01
7.407303629029415859e-01
8.795897255438409612e-01
9.937816152308565076e-01
9.729992889510750143e-01
7.144242596459824401e-01
8.577060524669389840e-01
9.888155326224505881e-01
6.965420507855415444e-01
9.853263566769335791e-01
8.880407358010570240e-01
9.060398324933084391e-01
8.777237944320118723e-01
9.340105114203950398e-01
9.726155811457457556e-01
8.713262608542405863e-01
9.762213527313851058e-01
5.149071919586971635e-01
9.545186837794148449e-01
9.801147914125005745e-01
9.975404760824283512e-01
9.850276559668487142e-01
7.531442085697316324e-01
8.896803997214104420e-01
8.419646720334368339e-01
9.022154383882857731e-02
9.244000444881694811e-01
4.562279760498646475e-01
9.208516801610627800e-01
5.689680792385027885e-01
8.044794609156435961e-01
9.869396397873499982e-01
9.909852890182734297e-01
9.405232567065812121e-01
9.071226537508833010e-01
9.160512035629370109e-01
9.962088077636948036e-01
7.773561684238665670e-01
9.879378191414229793e-01
5.183699898058660160e-01
7.957715948773381731e-01
9.900216631755490715e-01
9.935730698831340968e-01
9.736512322626417193e-01
9.860653521438157432e-01
9.969381734638661507e-01
9.691170732155445222e-01
7.251981415075121618e-01
1.093548360273272047e-08
9.434601018329228372e-01
6.204052405146752713e-01
7.340669481942081465e-01
9.804838462158885770e-01
9.871738649038747093e-01
7.682503210596902665e-01
7.128513189146227225e-01
9.809882738262771795e-01
8.959034240008679761e-01
6.913460443836664249e-01
7.538577687856218290e-01
9.844727247018454364e-01
8.019975355368652581e-01
3.591492956844110629e-01
8.014905536271156317e-01
7.234777781203950431e-01
9.830565461738162147e-01
2.806240757926575542e-07
9.766121798421598665e-01
9.892875196231520896e-01
7.118125275220275050e-01
8.788973499977468240e-01
8.147419100331083630e-01
9.397112486798664399e-01
4.443460216760883319e-03
9.780117058183568357e-01
8.727840613966927341e-01
3.149625559667802999e-01
9.427431724487440601e-01
9.321580234618038752e-01
9.823327377126057636e-01
9.869973948338669478e-01
6.684249405828274204e-01
5.226118277387518107e-01
5.654344679894030001e-01
7.193188749083024858e-01
8.121699406299002222e-01
4.256426915923092746e-01
9.547636553625201694e-01
9.855633870663872420e-01
8.526298899095827721e-01
8.540666399974516931e-01
7.027135237437936999e-01
8.561260111121593575e-01
9.843034005863663394e-01
9.870421032239636849e-01
8.215468088295005411e-02
5.239447190320899450e-01
9.644938522453586627e-01
9.764758584979486011e-01
8.946600957503662022e-01
9.449024810127459872e-01
9.949040565421723992e-01
3.111044201975189383e-01
8.201515734159454674e-01
9.431232735986797566e-01
9.349478713763963444e-01
9.578438093380380325e-01
7.304759141679331158e-01
8.111842715673414084e-01
9.814885493604247335e-01
9.863248597361778947e-01
8.432139583423066131e-01
9.387501861568666728e-01
9.560927393062513824e-01
8.808865683884419262e-01
7.206601478493950275e-01
8.101430106358676886e-01
9.059757591082524542e-01
9.645462599983212204e-01
9.979246682023732440e-01
7.798593758245184748e-01
9.336229895039876991e-01
9.934520390845711368e-01
4.366962532438845024e-01
9.895041133113735565e-01
9.905911508253751885e-01
9.933074376955560725e-01
7.293126068704406384e-01
9.389383839378104835e-01
8.165187420461963441e-01
9.191524156988303274e-01
8.740485960700693502e-01
9.858197141471900515e-01
9.082590122649427666e-01
6.851841617015783648e-01
7.467384520233693035e-01
6.062645379860889250e-01
1.031520696540295517e-01
8.447969403096974306e-01
9.026179773229946468e-01
9.827311893318463332e-01
6.237879106808551510e-01
9.479171225821108049e-01
8.536482923992473326e-01
9.766993971432790245e-01
9.928127634088595999e-01
7.560757072696755454e-01
7.345772801530013885e-01
8.304497902436392964e-01
9.610074336154937891e-01
7.883406675405596475e-01
8.859355545808247356e-01
8.325303486265642761e-01
9.577157854247362323e-01
9.862488516863636701e-01
2.912814365577579556e-01
8.858824671070620882e-01
9.077599891143804944e-01
9.264631136887874208e-01
8.665411739168701333e-01
8.772121638995771242e-01
4.249744627998184865e-01
6.374699866435622475e-01
7.911916378723500287e-01
8.474619147063423563e-01
9.880824831930897778e-01
8.308690153427016334e-01
9.725745819784243906e-01
8.808519657035560613e-01
1.813013481272843230e-01
9.040363844095237189e-01
7.881942298840302064e-01
6.171890088232213634e-01
9.367277887754705823e-01
9.645298123386536471e-01
