3.845319772699126163e-06
1.528821730724929176e-02
4.066903271531229630e-02
1.076339633950553105e-02
1.444538315533355018e-04
1.339748919631551663e-03
1.301586619928526240e-03
6.407305077775434787e-01
5.650004118610704035e-02
7.769494478499356510e-03
7.293926419515118988e-05
4.320640597349039574e-02
5.807581925756018747e-03
8.394718021997957802e-01
1.948008344182731999e-01
9.833445207328627910e-03
1.197491467956351106e-02
2.325035135330466921e-02
2.815004850783222809e-02
1.732164819318777749e-01
2.431420400381858419e-03
1.502185059588311555e-01
1.057802672845251646e-01
1.211796798087485909e-02
6.554110975272003925e-02
9.051747383718647955e-01
9.777274562850688522e-01
3.439941675430974177e-01
4.405130642572236354e-05
2.895175049605842044e-01
5.506441227557100637e-01
1.913809028671662523e-03
5.951835984086495390e-02
1.100069513935090885e-02
5.981111571675785596e-04
5.749404089452100734e-03
3.929446813728607046e-02
2.713335026174913400e-01
2.490915804837930472e-03
9.346782078590401555e-02
1.330946577300915201e-01
1.133880904738454459e-01
4.399846166729410452e-03
1.344261436269242847e-02
3.619159303267170946e-01
1.881115255633323852e-04
4.383332628862817056e-04
9.712695797010213461e-01
4.288394504734369672e-01
1.860956604567397255e-02
2.107613555259993735e-02
1.841053977854344437e-01
1.573127434421765173e-03
6.498583782473991155e-01
7.183256553192125804e-02
2.252702906880021949e-02
1.724346643489608685e-02
4.662437532016647061e-03
4.309246340900412670e-02
4.641714529959846403e-02
6.107377815792568165e-02
2.125902114123688971e-02
2.415584516388897922e-03
1.169921732984592622e-02
2.233884615403740771e-03
9.336610507486582389e-01
7.757662504520653757e-01
2.998618766203923688e-02
4.783461320692064533e-01
9.366096546853514004e-01
6.549591269464056327e-04
1.246854741071719147e-01
6.553053941100922541e-03
2.078420799173780892e-02
1.841830491694582128e-02
8.713787232426653540e-02
2.437845912621548414e-02
2.662394198357243558e-01
8.891889825335095747e-06
1.220105238604864972e-01
2.456416545502012813e-03
1.257712120724097625e-03
2.262070352472378247e-03
5.532546935869087036e-04
6.663997969197597848e-02
2.856205781587538642e-02
1.631888106099619873e-01
6.568247565542919067e-03
1.150379090403318713e-03
4.536639738868310928e-02
5.999757125852886799e-03
1.163208065550249380e-02
2.772457242788513576e-01
1.261170827982090702e-03
1.095777637386093073e-01
1.029400519686089754e-01
1.673715071291619755e-02
1.907919777542204862e-02
7.358061279512619068e-02
4.211926768272322556e-04
2.324602085937234053e-01
4.888627971628445876e-04
6.029206125371730637e-04
1.781507239925786586e-03
1.964110612617519245e-04
9.191357261240992726e-02
1.619776737386425212e-03
6.255844624925853414e-02
1.170400009171255890e-01
3.653418357487334296e-03
1.600676459027831067e-01
1.026928192643059012e-02
7.166156545080207448e-03
1.473969881644687507e-01
1.393560437242073041e-02
1.262434984925947176e-02
1.073951236845931134e-01
3.959971121943534761e-02
1.443225800589843571e-03
4.567969896724641439e-03
1.693734334827101118e-01
2.277019818787481831e-02
8.776638554906929235e-03
5.036167834031353777e-03
1.331693375600131145e-02
2.875816747445748747e-03
5.870506044391256006e-01
9.833344452055304830e-01
4.647986502130169867e-02
9.880187013292202058e-02
6.891406350125528490e-02
8.474064161371351600e-02
4.508929795980557570e-03
9.777614854761930083e-03
2.790631320007719123e-03
1.638401374855544225e-03
1.894420203881444021e-03
4.719610006160477461e-02
3.837665317458648917e-01
4.740044560370171300e-02
8.375866998946827641e-04
2.798974603827579597e-03
3.632038397603661040e-02
1.075590454078059408e-02
1.293230438345288971e-04
6.600625268641807522e-04
6.926769981453775316e-01
1.918272392300604812e-01
1.760422315681867134e-01
5.843482668699091775e-02
5.116115481487018080e-04
1.712308313334902701e-02
2.152209221627458390e-04
6.231426536198697574e-01
7.350375406179909289e-04
2.121354479232710256e-04
1.578260576269759725e-03
3.013121214471792763e-04
9.662863963746716814e-03
1.627138869948782044e-03
1.808764127376781897e-03
8.625087708808799603e-01
5.673898261939296778e-03
5.996675686909449382e-03
1.600108635438778678e-03
3.864269691952937347e-02
5.848863045139545136e-01
3.385562017096146060e-03
2.544689717754622382e-01
2.350669021657753738e-02
2.979158081334840405e-02
1.312664999523369949e-03
9.410052373720174349e-05
7.242892251965304430e-03
9.471024876565904693e-02
1.279887003772514804e-02
1.127745905134758600e-02
3.359574602059536841e-02
2.261494076801765507e-01
3.686616922345180899e-03
1.654881186707436030e-02
1.658273770733359742e-01
3.220816056235465963e-01
2.284969443642925202e-01
4.051189293699833729e-03
2.348827279904004139e-01
7.724809360522217998e-03
3.941519955504165645e-02
1.507082580280920577e-02
5.494347277551563796e-02
3.141288980619878594e-03
4.215347539775800810e-03
1.481562829300377485e-02
6.461653990142700310e-02
2.681973218005451621e-03
4.532279551966889898e-03
2.714332631282316208e-03
6.926971239371413347e-01
1.887496556705547067e-04
2.413773732738651355e-04
6.965625127354414525e-01
1.193236730270620151e-04
1.395662676563445663e-03
8.037440240438766814e-01
3.397828506589484904e-02
1.169976853808105816e-02
4.693948960975961870e-03
3.418119671435036755e-02
4.472936350809569306e-01
6.892650436188035856e-02
5.313870433412527516e-01
2.068420067441847920e-01
1.200031775957708345e-02
6.461461736986391885e-05
1.553124124676446161e-03
1.338690205869282751e-02
3.628832170134222990e-01
2.525515986646136631e-03
7.087814528643268663e-02
7.475595477694744195e-01
4.351156709346060830e-02
3.216038557304322539e-03
2.250084001672573997e-02
5.801103532134806173e-02
1.172650343297051284e-01
2.529123666522694464e-02
5.800635967978291248e-05
2.029406631378680550e-04
3.804383130287242957e-03
5.639502295801427853e-03
8.381640129492700514e-03
2.583219128879698512e-01
3.460222148319086477e-02
1.683946139778604301e-01
9.553297076272629796e-04
9.478686959188048489e-03
9.539755324921233015e-01
3.350542760828375752e-04
1.094648972004788057e-01
3.379758221634636493e-03
2.081983574863465192e-01
4.140045958721419277e-03
2.020598304464129094e-02
2.771020857397499260e-01
8.081351011190812672e-03
2.270328535516721521e-02
5.658634261001074250e-01
1.759071232157808917e-01
4.390208499041843050e-03
7.903950136903655777e-01
1.229723014762120342e-01
3.798686444953947028e-02
1.495767569476092644e-03
9.129903688499363401e-01
6.001748960231426816e-02
5.489135304656594027e-04
2.429370538930305731e-02
4.205493976816365026e-03
8.905658647304199871e-01
3.461139528617566182e-03
4.897443078449844299e-03
9.222936023592663568e-03
3.953360386465040906e-03
2.252878130537915580e-01
4.631506136713136462e-02
2.120382997673474490e-01
4.947636944905302592e-01
4.165600103265374582e-02
2.949059838718095811e-03
6.790157278810628194e-02
1.653477678937784667e-03
3.875418263428307211e-03
1.925489196614850462e-02
1.088261814223286485e-04
2.158848465516324255e-01
4.668866393067203600e-03
8.891637005036344410e-02
4.664924431189071191e-04
4.520695444810134828e-03
1.209581795978700511e-02
4.557783089190441811e-02
3.745677889791264314e-02
9.131585898020903869e-02
1.338691156353223480e-03
6.050338612046742004e-02
1.556192503441646956e-03
1.038436871102402020e-03
1.480291176711556189e-01
5.656768535351280880e-02
6.168525269321192307e-03
5.650558257855348154e-03
1.924624838802661483e-02
9.739782312407518254e-06
4.681420795789972594e-04
1.809776340611020731e-02
1.402360139557099761e-01
2.081811165698039048e-02
6.410067157955097981e-03
1.134426055692734081e-01
3.845785634003791587e-01
1.941057955820601685e-02
2.494771304734809750e-02
1.530244815667167646e-04
1.381676055816258818e-03
1.157554568548118668e-01
1.906007499797123916e-04
6.175232671958101258e-03
2.330300546108650481e-03
7.380592382431377940e-01
3.967164637832178986e-01
5.331433565497208094e-02
1.008038852725671314e-01
1.397048202140596662e-01
1.894535713374902912e-03
1.889787942945733712e-02
8.512576072251582318e-03
2.088946203918377355e-03
1.671023225766229969e-02
1.316740972308353026e-02
3.440382757450909795e-02
1.268333863944846041e-01
3.233867362519625421e-02
8.452291301717453770e-03
6.212852782399403972e-01
2.192959519363261167e-01
2.252708635371520121e-04
3.816002931664134925e-03
4.569110801153147827e-01
6.954486608073542353e-01
1.524236910530269162e-01
2.196562273550468070e-01
4.092305097512412282e-04
1.373975717138335717e-02
9.958446335420688758e-03
4.670777849927356673e-01
9.286813387784503826e-03
1.022438919783576206e-02
1.576085781165481314e-01
6.932957028220037010e-01
1.696599336336631625e-01
1.420110668839782153e-01
1.125735465039405248e-01
1.625795150386624699e-01
2.412155487362481823e-02
2.919101606862410051e-03
5.059868181517829244e-01
7.995973834946475860e-04
5.066962727189062710e-01
4.861384640261832979e-03
7.896297414839570502e-04
3.035027458355577055e-03
2.776593327585180626e-02
1.344308105222611627e-01
7.222570561779207976e-01
2.101691641221753795e-02
6.137027294988241233e-02
1.780231559148108197e-02
2.105491100444860722e-02
5.881128683881318254e-05
1.042898964733941390e-03
2.181032976948173510e-02
5.547286706136086293e-02
2.081801293556285321e-02
1.291494616981847705e-02
1.753679878631626832e-02
4.991255216840180357e-03
7.049907772358107172e-01
2.537612021297101089e-03
2.134872033481572673e-01
4.099200843497901453e-02
3.234547767297558940e-02
3.625544570361840993e-06
9.321922318745881966e-04
4.393011124173607646e-03
5.404111664112450780e-02
1.214187413263165261e-01
3.817762242908882553e-01
2.423969565753754107e-01
2.658715206003160469e-01
8.588704145211335100e-03
1.914156060100152042e-03
1.071008555441077884e-02
7.260119519760914464e-02
9.014962307754673110e-02
7.300897629316537019e-02
3.136839081191645784e-01
4.091369747476057694e-02
5.321547492681593106e-01
4.971765847491003143e-01
3.270586842748600120e-01
1.754973443068609182e-02
7.531745266483509671e-02
9.648404036603597939e-03
6.488510246555301286e-02
1.740641210682436837e-02
3.454041827254217128e-06
3.485303622939727591e-02
1.305154205067252104e-02
3.409944717857180813e-02
2.262181928771080704e-03
9.941839342287343007e-01
9.732678138388082267e-01
9.760135590541800799e-01
9.947158069431586425e-01
7.783939745307764113e-01
9.812082434914293216e-01
9.804134689736476727e-01
9.851237322874716318e-01
6.870787704008486374e-01
9.984593563605157485e-01
9.090895888986788576e-02
9.851042328395438474e-01
9.999909594083196129e-01
9.485058400571184656e-01
9.785831894584147150e-01
9.986867673366730536e-01
9.478721396905904761e-01
3.783739730509421695e-01
9.991181672857957219e-01
8.740454023936831129e-01
7.900785954136197997e-01
9.733598292316482103e-01
6.769838628552515836e-01
6.460206494448034187e-01
8.668390561408381156e-01
9.992953706623544097e-01
9.796414625832930989e-01
7.778215341043419606e-01
9.980669664326812240e-01
9.948408556001520076e-01
9.781675089583122817e-01
9.900841369371912171e-01
9.983447722101120858e-01
1.653938148024348687e-01
9.531970329701027200e-01
6.102757826248126349e-01
8.818959199294573725e-01
2.263327906500511022e-01
8.480451557968875509e-01
9.189693044123035115e-01
9.834873995013326820e-01
9.039258923565046677e-01
9.977545344812442929e-01
7.750295746174693523e-01
9.993038796817890201e-01
9.976422167263595542e-01
9.940843767424627497e-01
8.887361191150954243e-01
9.835288142995411986e-01
9.971311447458509614e-01
9.662139176347901426e-01
2.511627863959783324e-01
6.953128359404596726e-01
9.915606586865580718e-01
9.990246188023368390e-01
9.795754940132288535e-01
9.906301354462806463e-01
2.044099991475858691e-01
9.510309501319489378e-01
1.986196698953752449e-01
4.776887832473944440e-01
9.997185937839926373e-01
8.628934812302866408e-01
9.835983392399765268e-01
8.688529155788331515e-01
9.938777948305196341e-01
9.993445467981533215e-01
1.113252122552577383e-01
9.168497543133347083e-01
9.989353793578250595e-01
9.581125236922295452e-01
9.973034961252182917e-01
9.868168962075278827e-01
8.013680720468721042e-01
9.982054042005923389e-01
9.846729174280015595e-01
9.983835303341945799e-01
9.943437868136171254e-01
7.021004692996742902e-01
9.958193790754102936e-01
9.684955913171253705e-01
9.813781132633718762e-01
1.542777680559480336e-01
9.986442487482519725e-01
4.740725765717331702e-02
5.496574133449739774e-01
6.385006308534640906e-01
9.568414726652436642e-01
9.956711072646811100e-01
3.126746179971584549e-01
9.929064833651404243e-01
9.898221189951577070e-01
5.557717639230321804e-01
8.997943169547171216e-01
9.886120767641695117e-01
9.747071559057918222e-01
7.610998136901274691e-01
9.348715295130894942e-01
9.805067387729239359e-01
9.606328277452449438e-01
8.716240961688461741e-01
9.567645629650755046e-01
9.996199410904780258e-01
6.631759872912853515e-01
9.889170402296776352e-01
9.984662615702543098e-01
9.222532483159747718e-01
9.994647938617046146e-01
9.911118154453482099e-01
4.356866402743970329e-02
9.925899620546112523e-01
9.291309358491682824e-01
8.892600286414497068e-01
6.028111593338503216e-01
9.789663741228250560e-01
9.647003749870066702e-01
9.895307235385674138e-01
8.190217675287073673e-01
9.988167662148986770e-01
9.796201079625237451e-01
9.737784680365110246e-01
9.741604138239230437e-01
9.998996674732061329e-01
9.626809712025583554e-01
9.964510165842251910e-01
9.015822233313924849e-01
3.101604008600151174e-01
2.850295099280815703e-01
6.043751187687939064e-01
9.969074782418245739e-01
9.632530364355522678e-01
9.865873744999072992e-01
1.259579331265433810e-01
9.610902518623456459e-01
9.989102631446766800e-01
9.989402431014705597e-01
5.522304687356316411e-01
9.713677154125205382e-01
9.848482057655997268e-01
9.905286763753896606e-01
9.956489401339281287e-01
5.188583362289785894e-01
8.395060240487778325e-01
6.354713913756935284e-01
9.984732009475012493e-01
9.958174690350278802e-01
9.187153566034829133e-01
9.996704881507847418e-01
9.954844988684292684e-01
9.992643790078984400e-01
9.997499284132255193e-01
9.858719459042244448e-01
9.998156777911196835e-01
9.989335335894486967e-01
9.989382673683675495e-01
9.957763021033233519e-01
9.978160792364799692e-01
9.950954678321011215e-01
9.822513955086918935e-01
9.904767075550945377e-01
9.313533916649738842e-01
1.923583441377899050e-01
9.030191955826898376e-01
8.374469331464379218e-01
9.926108202856305240e-01
3.032011327951213975e-01
2.969976221584065268e-01
2.781721970591637394e-01
8.462095697085094681e-01
9.999520750763470911e-01
5.046266985480208911e-01
9.687845523446330098e-01
9.990080602217112915e-01
9.903483790812441789e-01
9.761769130149187124e-01
9.885605665569604517e-01
9.725789317608064533e-01
9.442220436761187274e-01
9.995296074167419054e-01
9.994559366413909851e-01
9.658991873936007000e-01
9.997867710781448425e-01
9.984595161074922842e-01
9.951640438198713356e-01
9.821684871076833412e-01
8.030813499726082716e-01
9.941331598749159060e-01
8.625875930119982771e-01
9.991793236439737713e-01
9.716252175391417722e-01
9.990000463033348321e-01
9.158375089641171973e-01
9.523066020833784728e-01
9.730617499237810275e-01
9.963337340698789069e-01
9.984776354249501606e-01
9.848799074748921800e-01
9.498177217177601328e-01
9.592551456696294387e-01
9.947811839786478982e-01
9.679073745391150174e-01
9.837208434594733042e-01
9.209233770692170085e-01
9.985127518120329171e-01
9.731499727208954287e-01
9.861164992375842653e-01
9.924116745362312475e-01
9.995180833424898159e-01
8.183860337144576169e-01
9.962856894495943916e-01
9.174968317360645553e-01
9.985346979070151008e-01
9.984204535877736486e-01
9.969441099070381895e-01
1.619505582561717727e-01
9.994863581747681636e-01
9.878257933740979269e-01
8.977217175907382662e-01
9.969037114954838463e-01
9.826487643207129086e-01
9.998706519325117892e-01
4.901162940392793654e-01
9.984739733969676401e-01
9.999545887327268012e-01
9.876427664412406049e-01
9.145607573925994549e-01
9.969041125402542391e-01
7.725295898672368544e-01
9.692363561964233432e-01
9.271603986003403852e-01
9.554609922822396850e-01
9.857223791661711143e-01
9.965546035061890739e-01
1.610183138599598773e-01
9.640497609800527945e-01
9.965491226684256576e-01
7.895574232779711821e-01
7.997043652936074443e-01
9.972285445886902577e-01
9.965875333102667266e-01
9.087078181089842666e-01
9.976745676671986418e-01
9.689764399325612176e-01
9.989046417202893657e-01
6.127579341054537609e-01
9.839352479374768867e-01
7.925433957158922738e-01
9.568279240438563038e-01
3.797953806020248346e-01
3.014449927756711056e-01
9.960510775846674880e-01
9.750635304346736421e-01
9.569148600301775609e-01
9.976275268086213233e-01
9.825400413600852145e-01
9.870840187104135133e-01
9.554981427667444960e-01
7.413590687752813491e-01
9.049708273986690754e-01
9.922616552862616457e-01
7.322396633051596604e-01
9.978455264747250197e-01
9.245600511095292129e-01
9.854811880488913989e-01
9.731851262800307323e-01
9.861748396382991055e-01
9.738478187809689324e-01
9.880380364485122913e-01
7.870259672971960940e-01
9.980099099970862753e-01
8.766645625425206756e-01
9.910882360338029162e-01
9.850370328088572380e-01
9.189326688382382091e-01
9.046893302039281659e-01
9.930183878184012380e-01
9.979035267083362637e-01
9.622221260461477632e-01
9.535910062593191405e-01
9.229178800085890977e-01
9.083420621995780264e-01
9.949604300007162117e-01
9.947768217228705190e-01
8.454794172200233993e-01
9.954490945848759598e-01
9.971627944836286561e-01
7.860031656820473112e-01
9.996804196890629601e-01
9.516534403550751531e-01
8.375870073368755220e-01
9.996391400522558479e-01
9.969761025413508282e-01
9.607179384468352845e-01
3.317067920546081239e-01
7.881252972780331545e-01
9.654489957203411521e-01
8.943322989319174576e-01
9.974818613861461403e-01
9.589845117980220213e-01
9.858855982528277329e-01
9.981949528784704873e-01
9.323905793808392461e-01
9.445817881695365292e-01
8.388858466343200870e-01
9.973808712786504937e-01
9.822745246506763284e-01
3.527825385431508920e-01
9.403945639951746260e-01
9.803918065294841000e-01
9.495675887438135288e-01
9.950588640912986227e-01
4.451344552402755061e-01
9.850872919287210205e-01
9.990426348057127592e-01
9.791955157538888566e-01
7.056707267318619303e-01
9.896624138789414937e-01
9.997033531683803265e-01
9.947861648397713363e-01
9.798531984634083480e-01
9.993731040992044345e-01
9.994580394983531013e-01
9.989590782373769517e-01
8.801000471015115734e-01
9.896927033081479586e-01
3.660930024710434272e-01
2.068237987559970736e-01
9.509031678692795309e-01
9.930158527352851427e-01
9.999285614308948134e-01
9.993715204358140092e-01
9.877615222452913457e-01
2.424343657987902134e-01
9.750679655716090188e-01
2.104786005545521421e-01
9.475056165825721521e-01
9.975658607265850408e-01
9.892515294029907702e-01
9.995383520082583573e-01
9.728524034707729529e-01
6.384016807796052406e-01
8.494927402286076568e-01
9.995763748633259560e-01
9.440191655485381528e-01
7.001507818945156281e-01
9.984034865021261806e-01
5.541792026860684617e-01
9.998788199065664628e-01
8.940397786846637773e-01
8.850431613794447205e-01
7.478969447878327514e-01
9.962791566989673830e-01
9.949456964603440312e-01
8.175044314910820953e-01
9.822833568927618053e-01
9.823523954205165554e-01
7.974808118117774347e-01
9.992355968947619349e-01
9.161099842088639145e-01
9.980932097414509929e-01
9.999532336626286710e-01
8.103895190887394628e-01
9.834967046127873758e-01
9.976782060035728206e-01
9.978772635910477806e-01
9.988685275821272969e-01
9.951723279205492156e-01
9.687089070569953053e-01
9.927956036751427460e-01
7.345251034776031362e-01
9.986583729768518936e-01
9.509134891915657084e-01
9.902253658112335488e-01
9.892536438948867916e-01
9.656273469156616551e-01
9.982374076052873413e-01
9.973620552776817361e-01
7.796512198881206945e-01
2.914724626503680249e-01
9.903656873866500954e-01
9.923303712077328198e-01
9.168132825176643630e-01
7.264689174753857781e-01
9.998819578396792584e-01
9.990149252578780503e-01
9.819001461219487581e-01
9.591681242623570913e-01
9.838484259002028276e-01
8.817416255706592709e-01
6.857357042469343078e-01
9.517889209989670585e-01
9.375933038778965223e-01
7.865729318556362593e-01
9.970589937777719625e-01
5.352055229967381811e-01
9.835581552195196142e-01
9.315970657806419419e-01
9.941338452722346952e-01
8.946091729723496533e-01
5.290054782269054678e-01
