5.527989389615616672e-02
6.033078421363184674e-03
5.643661203813718844e-03
1.028357461814215570e-02
1.013197445479344268e-02
2.439632260698451627e-02
1.182001724685686518e-02
4.814429630234566635e-04
2.079748420237789372e-02
3.433262912021095223e-03
7.306540472175233197e-03
7.742579352465321120e-03
9.600422494083479807e-03
1.040591894022713931e-02
2.869048151476880863e-03
8.575515317655414693e-02
2.351253218744854025e-03
5.861314501029593095e-03
1.567402597433547803e-02
1.686542522901481088e-03
1.851997616740558121e-03
2.296555336898178576e-02
1.190008615309951640e-02
1.548883578507220977e-02
8.446177658848543239e-04
1.132796579272884801e-03
4.483227120069434649e-03
4.189035524692631685e-02
2.287742248194077864e-03
9.731723809455704310e-02
1.257752777597546771e-02
2.141821482870576773e-03
8.406655067266119398e-04
2.735614725511609051e-03
3.513545351025131741e-02
1.021942105347015822e-02
3.311947816493469171e-02
4.360269984045723329e-02
3.238883909291253096e-03
3.534194514095365721e-03
1.021799643590068189e-02
3.925338532579403759e-03
1.405041239039497934e-03
1.630322063078173608e-02
1.040892349286568104e-02
1.664840404295772625e-02
2.331542557630951647e-03
7.356695032066707697e-04
6.835701685095308192e-03
2.116870571196070028e-01
8.743941284640167205e-03
1.806150877913946171e-02
3.975554708637607862e-03
1.942256781435715979e-02
9.327132467296418705e-03
9.594177614074342331e-04
1.082353689856092871e-02
7.753702306272883260e-03
1.563829028932639184e-02
8.469317303431910318e-03
3.795777907910684312e-03
2.769946952039793048e-03
1.092283537317026015e-01
2.260296047636984051e-01
1.285803755925669367e-01
1.049818260265064640e-01
9.880924909567406766e-02
1.234366463765582955e-01
1.204906520403322412e-01
2.588360863727124928e-01
3.996618161755534637e-01
2.057648522357395648e-01
2.006841971957698256e-01
1.548362952926521374e-01
2.172887990074701681e-01
9.723849907128277736e-02
1.522687676420513558e-01
1.223099422947569737e-01
1.613133112888906484e-01
6.403031188544669461e-02
1.534901441089494278e-01
4.091811244127144809e-01
2.089239032104139859e-01
1.725857231950489734e-01
9.957813183562538861e-02
9.165842404492749451e-02
1.108092500976500805e-01
1.853196289670473729e-01
2.815482073897063175e-01
1.670134854955558634e-01
1.067591839998985048e-01
1.571420101472474629e-01
1.228996634332900073e-01
1.693530813320389961e-01
1.363415525796621286e-01
2.396530754829073184e-01
1.983424769724045633e-01
1.023537501001291622e-01
1.837108640540783266e-01
2.326794889902450703e-01
3.005644168216603518e-01
1.598712330112272151e-01
1.422900589312833253e-01
2.292202210767933790e-01
7.029945054857344999e-02
1.427721867760816110e-01
1.539546055245704648e-01
2.028630975996835173e-01
1.190109063421709995e-01
8.742666401362284012e-02
2.249831294251870561e-01
7.985088773806715834e-02
1.916303867112435499e-01
9.180643572493879523e-02
7.166582404769956949e-02
2.200284194662738280e-01
2.751336698046938922e-01
1.208784548575459888e-01
2.145745597447976383e-01
1.560445696443597541e-01
1.375343426431419325e-01
1.356540669830654244e-01
1.109265161245651388e-01
1.826447996229099702e-01
